1 1 2 60.060734 30.153801 60.075135 30.180304
2 1 11 60.060734 30.153801 60.004061 30.232747
3 1 216 60.060734 30.153801 60.038873 29.976939
4 2 1 60.075135 30.180304 60.060734 30.153801
5 2 3 60.075135 30.180304 60.095593 30.254860
6 2 217 60.075135 30.180304 60.052890 30.227108
7 3 2 60.095593 30.254860 60.075135 30.180304
8 3 4 60.095593 30.254860 60.091545 30.367958
9 3 9 60.095593 30.254860 60.058646 30.306377
10 4 8 60.091545 30.367958 60.052852 30.334873
11 4 218 60.091545 30.367958 60.058895 30.390278
12 4 254 60.091545 30.367958 60.067820 30.334990
13 4 3 60.091545 30.367958 60.095593 30.254860
14 5 7 60.040687 30.438579 60.035405 30.420641
15 5 8 60.040687 30.438579 60.052852 30.334873
16 5 15 60.040687 30.438579 60.017552 30.460665
17 5 218 60.040687 30.438579 60.058895 30.390278
18 5 255 60.040687 30.438579 60.051078 30.438519
19 5 6 60.040687 30.438579 60.033087 30.432142
20 6 5 60.033087 30.432142 60.040687 30.438579
21 6 7 60.033087 30.432142 60.035405 30.420641
22 6 210 60.033087 30.432142 60.015396 30.431997
23 7 5 60.035405 30.420641 60.040687 30.438579
24 7 6 60.035405 30.420641 60.033087 30.432142
25 7 207 60.035405 30.420641 60.039626 30.398713
26 7 209 60.035405 30.420641 60.022033 30.406505
27 8 4 60.052852 30.334873 60.091545 30.367958
28 8 9 60.052852 30.334873 60.058646 30.306377
29 8 10 60.052852 30.334873 60.030239 30.320028
30 8 185 60.052852 30.334873 60.050646 30.311145
31 8 208 60.052852 30.334873 60.044738 30.374479
32 8 254 60.052852 30.334873 60.067820 30.334990
33 8 5 60.052852 30.334873 60.040687 30.438579
34 9 3 60.058646 30.306377 60.095593 30.254860
35 9 8 60.058646 30.306377 60.052852 30.334873
36 9 185 60.058646 30.306377 60.050646 30.311145
37 9 10 60.058646 30.306377 60.030239 30.320028
38 9 217 60.058646 30.306377 60.052890 30.227108
39 10 8 60.030239 30.320028 60.052852 30.334873
40 10 9 60.030239 30.320028 60.058646 30.306377
41 10 13 60.030239 30.320028 60.003502 30.329221
42 10 186 60.030239 30.320028 60.032108 30.301059
43 10 187 60.030239 30.320028 60.017219 30.278604
44 10 203 60.030239 30.320028 60.010692 30.347244
45 10 185 60.030239 30.320028 60.050646 30.311145
46 10 205 60.030239 30.320028 60.032172 30.364814
47 11 21 60.004061 30.232747 59.985468 30.228093
48 11 103 60.004061 30.232747 60.001095 30.255320
49 11 192 60.004061 30.232747 60.020868 30.224307
50 11 1 60.004061 30.232747 60.060734 30.153801
51 12 13 60.000622 30.299008 60.003502 30.329221
52 12 22 60.000622 30.299008 59.986162 30.302220
53 12 104 60.000622 30.299008 59.999505 30.269397
54 12 188 60.000622 30.299008 60.015243 30.293539
55 12 189 60.000622 30.299008 60.006175 30.272853
56 13 10 60.003502 30.329221 60.030239 30.320028
57 13 12 60.003502 30.329221 60.000622 30.299008
58 13 17 60.003502 30.329221 59.994852 30.331043
59 13 203 60.003502 30.329221 60.010692 30.347244
60 13 212 60.003502 30.329221 59.998220 30.364904
61 14 18 59.996039 30.380606 59.991665 30.433401
62 14 26 59.996039 30.380606 59.985467 30.364606
63 14 211 59.996039 30.380606 60.013142 30.397677
64 14 212 59.996039 30.380606 59.998220 30.364904
65 15 5 60.017552 30.460665 60.040687 30.438579
66 15 16 60.017552 30.460665 59.997190 30.438121
67 15 20 60.017552 30.460665 59.990202 30.483008
68 16 15 59.997190 30.438121 60.017552 30.460665
69 16 18 59.997190 30.438121 59.991665 30.433401
70 16 210 59.997190 30.438121 60.015396 30.431997
71 16 211 59.997190 30.438121 60.013142 30.397677
72 17 13 59.994852 30.331043 60.003502 30.329221
73 17 22 59.994852 30.331043 59.986162 30.302220
74 17 24 59.994852 30.331043 59.984399 30.335308
75 18 14 59.991665 30.433401 59.996039 30.380606
76 18 16 59.991665 30.433401 59.997190 30.438121
77 18 19 59.991665 30.433401 59.985914 30.458510
78 18 20 59.991665 30.433401 59.990202 30.483008
79 18 27 59.991665 30.433401 59.975036 30.415633
80 19 18 59.985914 30.458510 59.991665 30.433401
81 19 20 59.985914 30.458510 59.990202 30.483008
82 19 31 59.985914 30.458510 59.962151 30.460389
83 20 15 59.990202 30.483008 60.017552 30.460665
84 20 18 59.990202 30.483008 59.991665 30.433401
85 20 19 59.990202 30.483008 59.985914 30.458510
86 20 28 59.990202 30.483008 59.981598 30.508294
87 21 11 59.985468 30.228093 60.004061 30.232747
88 21 216 59.985468 30.228093 60.038873 29.976939
89 21 248 59.985468 30.228093 59.984100 30.256616
90 22 12 59.986162 30.302220 60.000622 30.299008
91 22 17 59.986162 30.302220 59.994852 30.331043
92 22 23 59.986162 30.302220 59.979367 30.323034
93 22 24 59.986162 30.302220 59.984399 30.335308
94 22 193 59.986162 30.302220 59.978358 30.300403
95 22 248 59.986162 30.302220 59.984100 30.256616
96 23 22 59.979367 30.323034 59.986162 30.302220
97 23 24 59.979367 30.323034 59.984399 30.335308
98 23 236 59.979367 30.323034 59.968316 30.336468
99 23 247 59.979367 30.323034 59.971018 30.314248
100 23 193 59.979367 30.323034 59.978358 30.300403
101 24 17 59.984399 30.335308 59.994852 30.331043
102 24 23 59.984399 30.335308 59.979367 30.323034
103 24 25 59.984399 30.335308 59.985087 30.342260
104 24 236 59.984399 30.335308 59.968316 30.336468
105 24 237 59.984399 30.335308 59.970252 30.348698
106 24 22 59.984399 30.335308 59.986162 30.302220
107 25 24 59.985087 30.342260 59.984399 30.335308
108 25 26 59.985087 30.342260 59.985467 30.364606
109 25 212 59.985087 30.342260 59.998220 30.364904
110 25 231 59.985087 30.342260 59.969833 30.385828
111 25 237 59.985087 30.342260 59.970252 30.348698
112 26 14 59.985467 30.364606 59.996039 30.380606
113 26 25 59.985467 30.364606 59.985087 30.342260
114 26 231 59.985467 30.364606 59.969833 30.385828
115 26 232 59.985467 30.364606 59.977576 30.392824
116 27 18 59.975036 30.415633 59.991665 30.433401
117 27 33 59.975036 30.415633 59.957448 30.403505
118 27 232 59.975036 30.415633 59.977576 30.392824
119 27 234 59.975036 30.415633 59.974383 30.436188
120 28 20 59.981598 30.508294 59.990202 30.483008
121 28 29 59.981598 30.508294 59.961891 30.488716
122 28 55 59.981598 30.508294 59.946035 30.540871
123 29 28 59.961891 30.488716 59.981598 30.508294
124 29 30 59.961891 30.488716 59.955801 30.466701
125 29 250 59.961891 30.488716 59.945456 30.505460
126 30 29 59.955801 30.466701 59.961891 30.488716
127 30 31 59.955801 30.466701 59.962151 30.460389
128 30 32 59.955801 30.466701 59.960612 30.438009
129 30 33 59.955801 30.466701 59.957448 30.403505
130 30 52 59.955801 30.466701 59.942610 30.405250
131 30 53 59.955801 30.466701 59.943277 30.435333
132 30 54 59.955801 30.466701 59.944935 30.478034
133 31 19 59.962151 30.460389 59.985914 30.458510
134 31 30 59.962151 30.460389 59.955801 30.466701
135 31 32 59.962151 30.460389 59.960612 30.438009
136 32 31 59.960612 30.438009 59.962151 30.460389
137 32 33 59.960612 30.438009 59.957448 30.403505
138 32 51 59.960612 30.438009 59.942782 30.397911
139 32 234 59.960612 30.438009 59.974383 30.436188
140 32 30 59.960612 30.438009 59.955801 30.466701
141 32 53 59.960612 30.438009 59.943277 30.435333
142 33 27 59.957448 30.403505 59.975036 30.415633
143 33 32 59.957448 30.403505 59.960612 30.438009
144 33 52 59.957448 30.403505 59.942610 30.405250
145 33 230 59.957448 30.403505 59.954865 30.374589
146 33 231 59.957448 30.403505 59.969833 30.385828
147 33 30 59.957448 30.403505 59.955801 30.466701
148 34 50 59.953596 30.349860 59.950080 30.349098
149 34 230 59.953596 30.349860 59.954865 30.374589
150 34 238 59.953596 30.349860 59.958083 30.339506
151 34 239 59.953596 30.349860 59.958104 30.352767
152 34 236 59.953596 30.349860 59.968316 30.336468
153 35 36 59.956352 30.320645 59.965584 30.311719
154 35 46 59.956352 30.320645 59.948164 30.302964
155 35 197 59.956352 30.320645 59.961501 30.291875
156 35 238 59.956352 30.320645 59.958083 30.339506
157 35 240 59.956352 30.320645 59.963441 30.327876
158 35 249 59.956352 30.320645 59.951469 30.325277
159 36 35 59.965584 30.311719 59.956352 30.320645
160 36 197 59.965584 30.311719 59.961501 30.291875
161 36 240 59.965584 30.311719 59.963441 30.327876
162 36 245 59.965584 30.311719 59.966285 30.299313
163 36 246 59.965584 30.311719 59.971169 30.306652
164 36 247 59.965584 30.311719 59.971018 30.314248
165 37 38 59.952480 30.290386 59.947808 30.283863
166 37 46 59.952480 30.290386 59.948164 30.302964
167 37 196 59.952480 30.290386 59.961371 30.272006
168 37 197 59.952480 30.290386 59.961501 30.291875
169 38 37 59.947808 30.283863 59.952480 30.290386
170 38 39 59.947808 30.283863 59.948786 30.268829
171 38 45 59.947808 30.283863 59.941468 30.290561
172 38 47 59.947808 30.283863 59.944956 30.303221
173 38 200 59.947808 30.283863 59.942474 30.276108
174 38 41 59.947808 30.283863 59.937538 30.233712
175 39 38 59.948786 30.268829 59.947808 30.283863
176 39 40 59.948786 30.268829 59.955352 30.235892
177 39 198 59.948786 30.268829 59.948297 30.231695
178 39 200 59.948786 30.268829 59.942474 30.276108
179 39 41 59.948786 30.268829 59.937538 30.233712
180 40 39 59.955352 30.235892 59.948786 30.268829
181 40 198 59.955352 30.235892 59.948297 30.231695
182 41 42 59.937538 30.233712 59.926661 30.238905
183 41 38 59.937538 30.233712 59.947808 30.283863
184 41 39 59.937538 30.233712 59.948786 30.268829
185 41 199 59.937538 30.233712 59.939352 30.265894
186 41 200 59.937538 30.233712 59.942474 30.276108
187 41 202 59.937538 30.233712 59.931771 30.240446
188 41 198 59.937538 30.233712 59.948297 30.231695
189 42 41 59.926661 30.238905 59.937538 30.233712
190 42 43 59.926661 30.238905 59.938464 30.280576
191 42 202 59.926661 30.238905 59.931771 30.240446
192 42 251 59.926661 30.238905 59.935519 30.270524
193 43 44 59.938464 30.280576 59.936138 30.288215
194 43 45 59.938464 30.280576 59.941468 30.290561
195 43 200 59.938464 30.280576 59.942474 30.276108
196 43 201 59.938464 30.280576 59.932503 30.274048
197 43 251 59.938464 30.280576 59.935519 30.270524
198 43 42 59.938464 30.280576 59.926661 30.238905
199 44 43 59.936138 30.288215 59.938464 30.280576
200 44 45 59.936138 30.288215 59.941468 30.290561
201 44 48 59.936138 30.288215 59.940025 30.309873
202 44 106 59.936138 30.288215 59.928315 30.294804
203 44 201 59.936138 30.288215 59.932503 30.274048
204 45 38 59.941468 30.290561 59.947808 30.283863
205 45 43 59.941468 30.290561 59.938464 30.280576
206 45 44 59.941468 30.290561 59.936138 30.288215
207 45 48 59.941468 30.290561 59.940025 30.309873
208 45 200 59.941468 30.290561 59.942474 30.276108
209 46 35 59.948164 30.302964 59.956352 30.320645
210 46 37 59.948164 30.302964 59.952480 30.290386
211 46 47 59.948164 30.302964 59.944956 30.303221
212 46 249 59.948164 30.302964 59.951469 30.325277
213 47 38 59.944956 30.303221 59.947808 30.283863
214 47 46 59.944956 30.303221 59.948164 30.302964
215 47 48 59.944956 30.303221 59.940025 30.309873
216 48 49 59.940025 30.309873 59.946334 30.329700
217 48 65 59.940025 30.309873 59.922525 30.307933
218 48 106 59.940025 30.309873 59.928315 30.294804
219 48 174 59.940025 30.309873 59.932764 30.315697
220 48 241 59.940025 30.309873 59.935404 30.326221
221 48 44 59.940025 30.309873 59.936138 30.288215
222 48 45 59.940025 30.309873 59.941468 30.290561
223 48 47 59.940025 30.309873 59.944956 30.303221
224 49 48 59.946334 30.329700 59.940025 30.309873
225 49 50 59.946334 30.329700 59.950080 30.349098
226 49 175 59.946334 30.329700 59.941335 30.335352
227 49 249 59.946334 30.329700 59.951469 30.325277
228 50 34 59.950080 30.349098 59.953596 30.349860
229 50 49 59.950080 30.349098 59.946334 30.329700
230 50 176 59.950080 30.349098 59.942807 30.348444
231 50 180 59.950080 30.349098 59.948698 30.378132
232 50 51 59.950080 30.349098 59.942782 30.397911
233 51 52 59.942782 30.397911 59.942610 30.405250
234 51 50 59.942782 30.397911 59.950080 30.349098
235 51 228 59.942782 30.397911 59.931346 30.389761
236 51 179 59.942782 30.397911 59.948569 30.390320
237 51 178 59.942782 30.397911 59.937832 30.374151
238 51 32 59.942782 30.397911 59.960612 30.438009
239 52 33 59.942610 30.405250 59.957448 30.403505
240 52 53 59.942610 30.405250 59.943277 30.435333
241 52 58 59.942610 30.405250 59.927781 30.405541
242 52 30 59.942610 30.405250 59.955801 30.466701
243 52 51 59.942610 30.405250 59.942782 30.397911
244 52 183 59.942610 30.405250 59.928922 30.411875
245 53 32 59.943277 30.435333 59.960612 30.438009
246 53 52 59.943277 30.435333 59.942610 30.405250
247 53 57 59.943277 30.435333 59.933575 30.435367
248 53 30 59.943277 30.435333 59.955801 30.466701
249 53 216 59.943277 30.435333 60.038873 29.976939
250 54 30 59.944935 30.478034 59.955801 30.466701
251 54 57 59.944935 30.478034 59.933575 30.435367
252 54 56 59.944935 30.478034 59.919928 30.470587
253 54 250 59.944935 30.478034 59.945456 30.505460
254 55 28 59.946035 30.540871 59.981598 30.508294
255 55 250 59.946035 30.540871 59.945456 30.505460
256 55 213 59.946035 30.540871 59.915938 30.525602
257 56 54 59.919928 30.470587 59.944935 30.478034
258 56 167 59.919928 30.470587 59.906687 30.482739
259 56 169 59.919928 30.470587 59.912331 30.439338
260 57 53 59.933575 30.435367 59.943277 30.435333
261 57 54 59.933575 30.435367 59.944935 30.478034
262 57 183 59.933575 30.435367 59.928922 30.411875
263 58 52 59.927781 30.405541 59.942610 30.405250
264 58 59 59.927781 30.405541 59.924205 30.387431
265 58 105 59.927781 30.405541 59.892846 30.447037
266 58 183 59.927781 30.405541 59.928922 30.411875
267 59 58 59.924205 30.387431 59.927781 30.405541
268 59 60 59.924205 30.387431 59.919229 30.395327
269 59 171 59.924205 30.387431 59.926346 30.368784
270 59 229 59.924205 30.387431 59.929451 30.369333
271 59 228 59.924205 30.387431 59.931346 30.389761
272 60 59 59.919229 30.395327 59.924205 30.387431
273 60 170 59.919229 30.395327 59.915379 30.374707
274 60 219 59.919229 30.395327 59.902785 30.423620
275 60 214 59.919229 30.395327 59.896381 30.409543
276 61 62 59.931163 30.360823 59.932649 30.347801
277 61 171 59.931163 30.360823 59.926346 30.368784
278 61 177 59.931163 30.360823 59.935824 30.363916
279 61 229 59.931163 30.360823 59.929451 30.369333
280 61 223 59.931163 30.360823 59.921172 30.354310
281 62 61 59.932649 30.347801 59.931163 30.360823
282 62 63 59.932649 30.347801 59.934329 30.335013
283 62 173 59.932649 30.347801 59.935952 30.348183
284 62 224 59.932649 30.347801 59.926147 30.342372
285 63 62 59.934329 30.335013 59.932649 30.347801
286 63 225 59.934329 30.335013 59.931570 30.329173
287 63 241 59.934329 30.335013 59.935404 30.326221
288 63 245 59.934329 30.335013 59.966285 30.299313
289 63 235 59.934329 30.335013 59.937388 30.336320
290 64 65 59.926554 30.317289 59.922525 30.307933
291 64 68 59.926554 30.317289 59.916880 30.318104
292 64 241 59.926554 30.317289 59.935404 30.326221
293 64 174 59.926554 30.317289 59.932764 30.315697
294 65 66 59.922525 30.307933 59.923559 30.299178
295 65 67 59.922525 30.307933 59.916815 30.279609
296 65 64 59.922525 30.307933 59.926554 30.317289
297 65 226 59.922525 30.307933 59.916559 30.297316
298 65 48 59.922525 30.307933 59.940025 30.309873
299 65 71 59.922525 30.307933 59.908562 30.300466
300 65 71 59.922525 30.307933 59.908562 30.300466
301 66 106 59.923559 30.299178 59.928315 30.294804
302 66 65 59.923559 30.299178 59.922525 30.307933
303 66 67 59.923559 30.299178 59.916815 30.279609
304 66 182 59.923559 30.299178 59.923277 30.281694
305 66 226 59.923559 30.299178 59.916559 30.297316
306 67 72 59.916815 30.279609 59.908852 30.275039
307 67 226 59.916815 30.279609 59.916559 30.297316
308 67 66 59.916815 30.279609 59.923559 30.299178
309 67 182 59.916815 30.279609 59.923277 30.281694
310 67 65 59.916815 30.279609 59.922525 30.307933
311 68 64 59.916880 30.318104 59.926554 30.317289
312 68 226 59.916880 30.318104 59.916559 30.297316
313 68 243 59.916880 30.318104 59.919420 30.325531
314 68 70 59.916880 30.318104 59.908971 30.318490
315 69 170 59.915587 30.350806 59.915379 30.374707
316 69 222 59.915587 30.350806 59.907502 30.345787
317 69 223 59.915587 30.350806 59.921172 30.354310
318 69 242 59.915587 30.350806 59.912848 30.332982
319 69 172 59.915587 30.350806 59.921926 30.331731
320 70 68 59.908971 30.318490 59.916880 30.318104
321 70 71 59.908971 30.318490 59.908562 30.300466
322 70 242 59.908971 30.318490 59.912848 30.332982
323 70 102 59.908971 30.318490 59.901637 30.339683
324 70 74 59.908971 30.318490 59.892329 30.320167
325 71 70 59.908562 30.300466 59.908971 30.318490
326 71 65 59.908562 30.300466 59.922525 30.307933
327 71 72 59.908562 30.300466 59.908852 30.275039
328 71 143 59.908562 30.300466 59.899526 30.274870
329 71 144 59.908562 30.300466 59.889586 30.302419
330 71 226 59.908562 30.300466 59.916559 30.297316
331 71 65 59.908562 30.300466 59.922525 30.307933
332 72 71 59.908852 30.275039 59.908562 30.300466
333 72 67 59.908852 30.275039 59.916815 30.279609
334 72 143 59.908852 30.275039 59.899526 30.274870
335 72 76 59.908852 30.275039 59.875500 30.298235
336 72 107 59.908852 30.275039 59.894666 30.241316
337 73 107 59.885204 30.266429 59.894666 30.241316
338 73 75 59.885204 30.266429 59.877010 30.258023
339 73 143 59.885204 30.266429 59.899526 30.274870
340 73 76 59.885204 30.266429 59.875500 30.298235
341 74 144 59.892329 30.320167 59.889586 30.302419
342 74 102 59.892329 30.320167 59.901637 30.339683
343 74 77 59.892329 30.320167 59.875824 30.319950
344 74 70 59.892329 30.320167 59.908971 30.318490
345 75 73 59.877010 30.258023 59.885204 30.266429
346 75 139 59.877010 30.258023 59.863543 30.238759
347 75 140 59.877010 30.258023 59.860219 30.256269
348 75 87 59.877010 30.258023 59.851996 30.302776
349 76 73 59.875500 30.298235 59.885204 30.266429
350 76 77 59.875500 30.298235 59.875824 30.319950
351 76 87 59.875500 30.298235 59.851996 30.302776
352 76 144 59.875500 30.298235 59.889586 30.302419
353 76 72 59.875500 30.298235 59.908852 30.275039
354 76 95 59.875500 30.298235 59.832152 30.290434
355 77 74 59.875824 30.319950 59.892329 30.320167
356 77 145 59.875824 30.319950 59.864895 30.320601
357 77 76 59.875824 30.319950 59.875500 30.298235
358 77 184 59.875824 30.319950 59.876176 30.336266
359 78 108 59.878111 30.349089 59.887302 30.344438
360 78 220 59.878111 30.349089 59.883972 30.367029
361 78 147 59.878111 30.349089 59.865780 30.356994
362 78 184 59.878111 30.349089 59.876176 30.336266
363 79 227 59.889379 30.380300 59.901759 30.364057
364 79 220 59.889379 30.380300 59.883972 30.367029
365 79 149 59.889379 30.380300 59.877842 30.397463
366 79 221 59.889379 30.380300 59.906473 30.378821
367 80 213 59.892056 30.523966 59.915938 30.525602
368 80 101 59.892056 30.523966 59.855500 30.507435
369 80 81 59.892056 30.523966 59.885413 30.489076
370 81 80 59.885413 30.489076 59.892056 30.523966
371 81 163 59.885413 30.489076 59.881817 30.470026
372 81 165 59.885413 30.489076 59.900297 30.488866
373 81 168 59.885413 30.489076 59.870552 30.477415
374 82 83 59.879460 30.460022 59.876332 30.447190
375 82 105 59.879460 30.460022 59.892846 30.447037
376 82 163 59.879460 30.460022 59.881817 30.470026
377 82 168 59.879460 30.460022 59.870552 30.477415
378 83 215 59.876332 30.447190 59.888230 30.421517
379 83 219 59.876332 30.447190 59.902785 30.423620
380 83 161 59.876332 30.447190 59.864356 30.453650
381 83 100 59.876332 30.447190 59.853168 30.476879
382 83 82 59.876332 30.447190 59.879460 30.460022
383 83 84 59.876332 30.447190 59.865867 30.415261
384 84 149 59.865867 30.415261 59.877842 30.397463
385 84 160 59.865867 30.415261 59.859068 30.392224
386 84 157 59.865867 30.415261 59.852073 30.426385
387 84 83 59.865867 30.415261 59.876332 30.447190
388 84 161 59.865867 30.415261 59.864356 30.453650
389 84 108 59.865867 30.415261 59.887302 30.344438
390 85 147 59.853507 30.359038 59.865780 30.356994
391 85 150 59.853507 30.359038 59.852410 30.337675
392 85 159 59.853507 30.359038 59.844840 30.371282
393 85 160 59.853507 30.359038 59.859068 30.392224
394 86 145 59.852212 30.321101 59.864895 30.320601
395 86 150 59.852212 30.321101 59.852410 30.337675
396 86 87 59.852212 30.321101 59.851996 30.302776
397 86 96 59.852212 30.321101 59.841877 30.321923
398 87 96 59.851996 30.302776 59.841877 30.321923
399 87 86 59.851996 30.302776 59.852212 30.321101
400 87 76 59.851996 30.302776 59.875500 30.298235
401 87 75 59.851996 30.302776 59.877010 30.258023
402 87 141 59.851996 30.302776 59.851843 30.267770
403 87 95 59.851996 30.302776 59.832152 30.290434
404 87 140 59.851996 30.302776 59.860219 30.256269
405 88 109 59.851850 30.238771 59.851899 30.221452
406 88 89 59.851850 30.238771 59.845594 30.212311
407 88 140 59.851850 30.238771 59.860219 30.256269
408 88 141 59.851850 30.238771 59.851843 30.267770
409 88 142 59.851850 30.238771 59.844637 30.249595
410 89 109 59.845594 30.212311 59.851899 30.221452
411 89 88 59.845594 30.212311 59.851850 30.238771
412 89 137 59.845594 30.212311 59.846316 30.175502
413 89 136 59.845594 30.212311 59.833005 30.194675
414 90 130 59.851596 30.066739 59.852663 30.037274
415 90 132 59.851596 30.066739 59.852701 30.090734
416 90 91 59.851596 30.066739 59.828844 30.072186
417 91 92 59.828844 30.072186 59.816098 30.075138
418 91 93 59.828844 30.072186 59.813427 30.113588
419 91 90 59.828844 30.072186 59.851596 30.066739
420 91 131 59.828844 30.072186 59.841589 30.035666
421 91 133 59.828844 30.072186 59.833869 30.091850
422 92 91 59.816098 30.075138 59.828844 30.072186
423 92 93 59.816098 30.075138 59.813427 30.113588
424 92 114 59.816098 30.075138 59.820721 29.992833
425 93 91 59.813427 30.113588 59.828844 30.072186
426 93 94 59.813427 30.113588 59.800616 30.150858
427 93 92 59.813427 30.113588 59.816098 30.075138
428 93 133 59.813427 30.113588 59.833869 30.091850
429 94 93 59.800616 30.150858 59.813427 30.113588
430 94 136 59.800616 30.150858 59.833005 30.194675
431 94 95 59.800616 30.150858 59.832152 30.290434
432 95 94 59.832152 30.290434 59.800616 30.150858
433 95 97 59.832152 30.290434 59.813303 30.323765
434 95 152 59.832152 30.290434 59.830930 30.322058
435 95 142 59.832152 30.290434 59.844637 30.249595
436 95 87 59.832152 30.290434 59.851996 30.302776
437 95 141 59.832152 30.290434 59.851843 30.267770
438 95 76 59.832152 30.290434 59.875500 30.298235
439 96 87 59.841877 30.321923 59.851996 30.302776
440 96 86 59.841877 30.321923 59.852212 30.321101
441 96 151 59.841877 30.321923 59.837176 30.332624
442 96 152 59.841877 30.321923 59.830930 30.322058
443 96 159 59.841877 30.321923 59.844840 30.371282
444 97 95 59.813303 30.323765 59.832152 30.290434
445 97 98 59.813303 30.323765 59.818476 30.380729
446 97 152 59.813303 30.323765 59.830930 30.322058
447 98 97 59.818476 30.380729 59.813303 30.323765
448 98 99 59.818476 30.380729 59.833539 30.440836
449 98 153 59.818476 30.380729 59.830735 30.344631
450 98 154 59.818476 30.380729 59.833846 30.372784
451 99 156 59.833539 30.440836 59.846459 30.430848
452 99 98 59.833539 30.440836 59.818476 30.380729
453 99 100 59.833539 30.440836 59.853168 30.476879
454 100 101 59.853168 30.476879 59.855500 30.507435
455 100 99 59.853168 30.476879 59.833539 30.440836
456 100 83 59.853168 30.476879 59.876332 30.447190
457 100 161 59.853168 30.476879 59.864356 30.453650
458 101 168 59.855500 30.507435 59.870552 30.477415
459 101 100 59.855500 30.507435 59.853168 30.476879
460 101 80 59.855500 30.507435 59.892056 30.523966
461 102 222 59.901637 30.339683 59.907502 30.345787
462 102 242 59.901637 30.339683 59.912848 30.332982
463 102 74 59.901637 30.339683 59.892329 30.320167
464 102 108 59.901637 30.339683 59.887302 30.344438
465 102 70 59.901637 30.339683 59.908971 30.318490
466 103 11 60.001095 30.255320 60.004061 30.232747
467 103 248 60.001095 30.255320 59.984100 30.256616
468 103 104 60.001095 30.255320 59.999505 30.269397
469 103 190 60.001095 30.255320 60.008066 30.259078
470 104 12 59.999505 30.269397 60.000622 30.299008
471 104 103 59.999505 30.269397 60.001095 30.255320
472 104 189 59.999505 30.269397 60.006175 30.272853
473 105 82 59.892846 30.447037 59.879460 30.460022
474 105 58 59.892846 30.447037 59.927781 30.405541
475 105 164 59.892846 30.447037 59.893958 30.462130
476 106 44 59.928315 30.294804 59.936138 30.288215
477 106 182 59.928315 30.294804 59.923277 30.281694
478 106 66 59.928315 30.294804 59.923559 30.299178
479 106 174 59.928315 30.294804 59.932764 30.315697
480 106 48 59.928315 30.294804 59.940025 30.309873
481 107 72 59.894666 30.241316 59.908852 30.275039
482 107 73 59.894666 30.241316 59.885204 30.266429
483 107 143 59.894666 30.241316 59.899526 30.274870
484 108 78 59.887302 30.344438 59.878111 30.349089
485 108 102 59.887302 30.344438 59.901637 30.339683
486 108 84 59.887302 30.344438 59.865867 30.415261
487 108 184 59.887302 30.344438 59.876176 30.336266
488 109 89 59.851899 30.221452 59.845594 30.212311
489 109 88 59.851899 30.221452 59.851850 30.238771
490 109 138 59.851899 30.221452 59.861342 30.179364
491 109 139 59.851899 30.221452 59.863543 30.238759
492 110 111 59.868950 29.766819 59.859583 29.801323
493 110 116 59.868950 29.766819 59.899684 29.778283
494 110 252 59.868950 29.766819 59.926476 29.667363
495 111 110 59.859583 29.801323 59.868950 29.766819
496 111 112 59.859583 29.801323 59.825741 29.827048
497 111 122 59.859583 29.801323 59.878101 29.823796
498 111 121 59.859583 29.801323 59.871823 29.852258
499 111 117 59.859583 29.801323 59.895100 29.794016
500 112 111 59.825741 29.827048 59.859583 29.801323
501 112 113 59.825741 29.827048 59.814798 29.927326
502 112 129 59.825741 29.827048 59.844173 29.877334
503 113 112 59.814798 29.927326 59.825741 29.827048
504 113 114 59.814798 29.927326 59.820721 29.992833
505 113 128 59.814798 29.927326 59.834270 29.938723
506 114 113 59.820721 29.992833 59.814798 29.927326
507 114 92 59.820721 29.992833 59.816098 30.075138
508 114 131 59.820721 29.992833 59.841589 30.035666
509 115 252 59.909707 29.775451 59.926476 29.667363
510 115 116 59.909707 29.775451 59.899684 29.778283
511 115 118 59.909707 29.775451 59.902344 29.817362
512 116 115 59.899684 29.778283 59.909707 29.775451
513 116 117 59.899684 29.778283 59.895100 29.794016
514 116 110 59.899684 29.778283 59.868950 29.766819
515 116 118 59.899684 29.778283 59.902344 29.817362
516 117 116 59.895100 29.794016 59.899684 29.778283
517 117 118 59.895100 29.794016 59.902344 29.817362
518 117 122 59.895100 29.794016 59.878101 29.823796
519 117 111 59.895100 29.794016 59.859583 29.801323
520 118 252 59.902344 29.817362 59.926476 29.667363
521 118 117 59.902344 29.817362 59.895100 29.794016
522 118 119 59.902344 29.817362 59.884736 29.885411
523 118 115 59.902344 29.817362 59.909707 29.775451
524 118 116 59.902344 29.817362 59.899684 29.778283
525 118 120 59.902344 29.817362 59.879020 29.863181
526 119 120 59.884736 29.885411 59.879020 29.863181
527 119 123 59.884736 29.885411 59.880840 29.903447
528 119 118 59.884736 29.885411 59.902344 29.817362
529 120 118 59.879020 29.863181 59.902344 29.817362
530 120 199 59.879020 29.863181 59.939352 30.265894
531 120 121 59.879020 29.863181 59.871823 29.852258
532 120 119 59.879020 29.863181 59.884736 29.885411
533 121 129 59.871823 29.852258 59.844173 29.877334
534 121 111 59.871823 29.852258 59.859583 29.801323
535 121 122 59.871823 29.852258 59.878101 29.823796
536 121 120 59.871823 29.852258 59.879020 29.863181
537 122 121 59.878101 29.823796 59.871823 29.852258
538 122 111 59.878101 29.823796 59.859583 29.801323
539 122 117 59.878101 29.823796 59.895100 29.794016
540 123 119 59.880840 29.903447 59.884736 29.885411
541 123 124 59.880840 29.903447 59.877863 29.923059
542 123 125 59.880840 29.903447 59.873850 29.899799
543 124 126 59.877863 29.923059 59.870053 29.918896
544 124 123 59.877863 29.923059 59.880840 29.903447
545 124 127 59.877863 29.923059 59.872167 29.961811
546 125 123 59.873850 29.899799 59.880840 29.903447
547 125 126 59.873850 29.899799 59.870053 29.918896
548 126 129 59.870053 29.918896 59.844173 29.877334
549 126 128 59.870053 29.918896 59.834270 29.938723
550 126 124 59.870053 29.918896 59.877863 29.923059
551 126 125 59.870053 29.918896 59.873850 29.899799
552 126 127 59.870053 29.918896 59.872167 29.961811
553 127 124 59.872167 29.961811 59.877863 29.923059
554 127 130 59.872167 29.961811 59.852663 30.037274
555 127 128 59.872167 29.961811 59.834270 29.938723
556 127 126 59.872167 29.961811 59.870053 29.918896
557 128 129 59.834270 29.938723 59.844173 29.877334
558 128 127 59.834270 29.938723 59.872167 29.961811
559 128 126 59.834270 29.938723 59.870053 29.918896
560 128 133 59.834270 29.938723 59.833869 30.091850
561 128 113 59.834270 29.938723 59.814798 29.927326
562 129 121 59.844173 29.877334 59.871823 29.852258
563 129 112 59.844173 29.877334 59.825741 29.827048
564 129 126 59.844173 29.877334 59.870053 29.918896
565 129 128 59.844173 29.877334 59.834270 29.938723
566 130 131 59.852663 30.037274 59.841589 30.035666
567 130 127 59.852663 30.037274 59.872167 29.961811
568 130 90 59.852663 30.037274 59.851596 30.066739
569 131 130 59.841589 30.035666 59.852663 30.037274
570 131 91 59.841589 30.035666 59.828844 30.072186
571 131 114 59.841589 30.035666 59.820721 29.992833
572 132 90 59.852701 30.090734 59.851596 30.066739
573 132 133 59.852701 30.090734 59.833869 30.091850
574 132 134 59.852701 30.090734 59.846914 30.147296
575 133 132 59.833869 30.091850 59.852701 30.090734
576 133 91 59.833869 30.091850 59.828844 30.072186
577 133 93 59.833869 30.091850 59.813427 30.113588
578 133 128 59.833869 30.091850 59.834270 29.938723
579 134 132 59.846914 30.147296 59.852701 30.090734
580 134 137 59.846914 30.147296 59.846316 30.175502
581 134 135 59.846914 30.147296 59.846914 30.147296
582 135 134 59.846914 30.147296 59.846914 30.147296
583 135 136 59.846914 30.147296 59.833005 30.194675
584 136 135 59.833005 30.194675 59.846914 30.147296
585 136 89 59.833005 30.194675 59.845594 30.212311
586 136 94 59.833005 30.194675 59.800616 30.150858
587 136 142 59.833005 30.194675 59.844637 30.249595
588 137 89 59.846316 30.175502 59.845594 30.212311
589 137 134 59.846316 30.175502 59.846914 30.147296
590 137 138 59.846316 30.175502 59.861342 30.179364
591 138 137 59.861342 30.179364 59.846316 30.175502
592 138 109 59.861342 30.179364 59.851899 30.221452
593 139 75 59.863543 30.238759 59.877010 30.258023
594 139 140 59.863543 30.238759 59.860219 30.256269
595 139 109 59.863543 30.238759 59.851899 30.221452
596 140 75 59.860219 30.256269 59.877010 30.258023
597 140 88 59.860219 30.256269 59.851850 30.238771
598 140 139 59.860219 30.256269 59.863543 30.238759
599 140 87 59.860219 30.256269 59.851996 30.302776
600 141 87 59.851843 30.267770 59.851996 30.302776
601 141 88 59.851843 30.267770 59.851850 30.238771
602 141 95 59.851843 30.267770 59.832152 30.290434
603 141 142 59.851843 30.267770 59.844637 30.249595
604 142 95 59.844637 30.249595 59.832152 30.290434
605 142 88 59.844637 30.249595 59.851850 30.238771
606 142 141 59.844637 30.249595 59.851843 30.267770
607 142 136 59.844637 30.249595 59.833005 30.194675
608 143 72 59.899526 30.274870 59.908852 30.275039
609 143 73 59.899526 30.274870 59.885204 30.266429
610 143 71 59.899526 30.274870 59.908562 30.300466
611 143 107 59.899526 30.274870 59.894666 30.241316
612 144 71 59.889586 30.302419 59.908562 30.300466
613 144 74 59.889586 30.302419 59.892329 30.320167
614 144 76 59.889586 30.302419 59.875500 30.298235
615 145 77 59.864895 30.320601 59.875824 30.319950
616 145 86 59.864895 30.320601 59.852212 30.321101
617 145 146 59.864895 30.320601 59.864377 30.337038
618 146 145 59.864377 30.337038 59.864895 30.320601
619 146 147 59.864377 30.337038 59.865780 30.356994
620 146 184 59.864377 30.337038 59.876176 30.336266
621 146 150 59.864377 30.337038 59.852410 30.337675
622 147 78 59.865780 30.356994 59.878111 30.349089
623 147 85 59.865780 30.356994 59.853507 30.359038
624 147 146 59.865780 30.356994 59.864377 30.337038
625 147 148 59.865780 30.356994 59.871239 30.379910
626 148 220 59.871239 30.379910 59.883972 30.367029
627 148 160 59.871239 30.379910 59.859068 30.392224
628 148 147 59.871239 30.379910 59.865780 30.356994
629 148 149 59.871239 30.379910 59.877842 30.397463
630 149 79 59.877842 30.397463 59.889379 30.380300
631 149 84 59.877842 30.397463 59.865867 30.415261
632 149 215 59.877842 30.397463 59.888230 30.421517
633 149 148 59.877842 30.397463 59.871239 30.379910
634 150 151 59.852410 30.337675 59.837176 30.332624
635 150 146 59.852410 30.337675 59.864377 30.337038
636 150 85 59.852410 30.337675 59.853507 30.359038
637 150 86 59.852410 30.337675 59.852212 30.321101
638 151 152 59.837176 30.332624 59.830930 30.322058
639 151 153 59.837176 30.332624 59.830735 30.344631
640 151 96 59.837176 30.332624 59.841877 30.321923
641 151 150 59.837176 30.332624 59.852410 30.337675
642 152 96 59.830930 30.322058 59.841877 30.321923
643 152 95 59.830930 30.322058 59.832152 30.290434
644 152 153 59.830930 30.322058 59.830735 30.344631
645 152 97 59.830930 30.322058 59.813303 30.323765
646 152 151 59.830930 30.322058 59.837176 30.332624
647 153 98 59.830735 30.344631 59.818476 30.380729
648 153 151 59.830735 30.344631 59.837176 30.332624
649 153 152 59.830735 30.344631 59.830930 30.322058
650 153 154 59.830735 30.344631 59.833846 30.372784
651 154 98 59.833846 30.372784 59.818476 30.380729
652 154 159 59.833846 30.372784 59.844840 30.371282
653 154 153 59.833846 30.372784 59.830735 30.344631
654 154 155 59.833846 30.372784 59.842183 30.409519
655 155 154 59.842183 30.409519 59.833846 30.372784
656 155 156 59.842183 30.409519 59.846459 30.430848
657 155 158 59.842183 30.409519 59.851663 30.399820
658 156 99 59.846459 30.430848 59.833539 30.440836
659 156 157 59.846459 30.430848 59.852073 30.426385
660 156 155 59.846459 30.430848 59.842183 30.409519
661 157 156 59.852073 30.426385 59.846459 30.430848
662 157 158 59.852073 30.426385 59.851663 30.399820
663 157 161 59.852073 30.426385 59.864356 30.453650
664 157 84 59.852073 30.426385 59.865867 30.415261
665 158 155 59.851663 30.399820 59.842183 30.409519
666 158 157 59.851663 30.399820 59.852073 30.426385
667 158 159 59.851663 30.399820 59.844840 30.371282
668 158 160 59.851663 30.399820 59.859068 30.392224
669 159 85 59.844840 30.371282 59.853507 30.359038
670 159 154 59.844840 30.371282 59.833846 30.372784
671 159 158 59.844840 30.371282 59.851663 30.399820
672 159 96 59.844840 30.371282 59.841877 30.321923
673 160 84 59.859068 30.392224 59.865867 30.415261
674 160 85 59.859068 30.392224 59.853507 30.359038
675 160 158 59.859068 30.392224 59.851663 30.399820
676 160 148 59.859068 30.392224 59.871239 30.379910
677 161 100 59.864356 30.453650 59.853168 30.476879
678 161 157 59.864356 30.453650 59.852073 30.426385
679 161 84 59.864356 30.453650 59.865867 30.415261
680 161 83 59.864356 30.453650 59.876332 30.447190
681 162 175 59.938285 30.327759 59.941335 30.335352
682 162 235 59.938285 30.327759 59.937388 30.336320
683 162 241 59.938285 30.327759 59.935404 30.326221
684 163 181 59.881817 30.470026 59.943251 30.377789
685 163 82 59.881817 30.470026 59.879460 30.460022
686 163 164 59.881817 30.470026 59.893958 30.462130
687 163 168 59.881817 30.470026 59.870552 30.477415
688 163 81 59.881817 30.470026 59.885413 30.489076
689 164 105 59.893958 30.462130 59.892846 30.447037
690 164 165 59.893958 30.462130 59.900297 30.488866
691 164 163 59.893958 30.462130 59.881817 30.470026
692 164 166 59.893958 30.462130 59.901203 30.458740
693 165 81 59.900297 30.488866 59.885413 30.489076
694 165 167 59.900297 30.488866 59.906687 30.482739
695 165 164 59.900297 30.488866 59.893958 30.462130
696 166 169 59.901203 30.458740 59.912331 30.439338
697 166 164 59.901203 30.458740 59.893958 30.462130
698 166 167 59.901203 30.458740 59.906687 30.482739
699 167 213 59.906687 30.482739 59.915938 30.525602
700 167 165 59.906687 30.482739 59.900297 30.488866
701 167 166 59.906687 30.482739 59.901203 30.458740
702 167 56 59.906687 30.482739 59.919928 30.470587
703 168 81 59.870552 30.477415 59.885413 30.489076
704 168 82 59.870552 30.477415 59.879460 30.460022
705 168 101 59.870552 30.477415 59.855500 30.507435
706 168 163 59.870552 30.477415 59.881817 30.470026
707 169 56 59.912331 30.439338 59.919928 30.470587
708 169 166 59.912331 30.439338 59.901203 30.458740
709 169 183 59.912331 30.439338 59.928922 30.411875
710 170 60 59.915379 30.374707 59.919229 30.395327
711 170 69 59.915379 30.374707 59.915587 30.350806
712 170 221 59.915379 30.374707 59.906473 30.378821
713 170 171 59.915379 30.374707 59.926346 30.368784
714 171 229 59.926346 30.368784 59.929451 30.369333
715 171 61 59.926346 30.368784 59.931163 30.360823
716 171 59 59.926346 30.368784 59.924205 30.387431
717 171 170 59.926346 30.368784 59.915379 30.374707
718 172 224 59.921926 30.331731 59.926147 30.342372
719 172 243 59.921926 30.331731 59.919420 30.325531
720 172 69 59.921926 30.331731 59.915587 30.350806
721 172 241 59.921926 30.331731 59.935404 30.326221
722 173 62 59.935952 30.348183 59.932649 30.347801
723 173 177 59.935952 30.348183 59.935824 30.363916
724 173 176 59.935952 30.348183 59.942807 30.348444
725 173 235 59.935952 30.348183 59.937388 30.336320
726 174 48 59.932764 30.315697 59.940025 30.309873
727 174 254 59.932764 30.315697 60.067820 30.334990
728 174 175 59.932764 30.315697 59.941335 30.335352
729 174 106 59.932764 30.315697 59.928315 30.294804
730 174 241 59.932764 30.315697 59.935404 30.326221
731 174 64 59.932764 30.315697 59.926554 30.317289
732 175 49 59.941335 30.335352 59.946334 30.329700
733 175 176 59.941335 30.335352 59.942807 30.348444
734 175 174 59.941335 30.335352 59.932764 30.315697
735 175 162 59.941335 30.335352 59.938285 30.327759
736 175 235 59.941335 30.335352 59.937388 30.336320
737 176 50 59.942807 30.348444 59.950080 30.349098
738 176 181 59.942807 30.348444 59.943251 30.377789
739 176 173 59.942807 30.348444 59.935952 30.348183
740 176 175 59.942807 30.348444 59.941335 30.335352
741 176 235 59.942807 30.348444 59.937388 30.336320
742 177 178 59.935824 30.363916 59.937832 30.374151
743 177 173 59.935824 30.363916 59.935952 30.348183
744 177 61 59.935824 30.363916 59.931163 30.360823
745 178 181 59.937832 30.374151 59.943251 30.377789
746 178 179 59.937832 30.374151 59.948569 30.390320
747 178 177 59.937832 30.374151 59.935824 30.363916
748 178 229 59.937832 30.374151 59.929451 30.369333
749 178 51 59.937832 30.374151 59.942782 30.397911
750 178 228 59.937832 30.374151 59.931346 30.389761
751 179 180 59.948569 30.390320 59.948698 30.378132
752 179 51 59.948569 30.390320 59.942782 30.397911
753 179 178 59.948569 30.390320 59.937832 30.374151
754 180 50 59.948698 30.378132 59.950080 30.349098
755 180 181 59.948698 30.378132 59.943251 30.377789
756 180 179 59.948698 30.378132 59.948569 30.390320
757 181 180 59.943251 30.377789 59.948698 30.378132
758 181 178 59.943251 30.377789 59.937832 30.374151
759 181 176 59.943251 30.377789 59.942807 30.348444
760 181 163 59.943251 30.377789 59.881817 30.470026
761 182 67 59.923277 30.281694 59.916815 30.279609
762 182 106 59.923277 30.281694 59.928315 30.294804
763 182 66 59.923277 30.281694 59.923559 30.299178
764 183 52 59.928922 30.411875 59.942610 30.405250
765 183 57 59.928922 30.411875 59.933575 30.435367
766 183 58 59.928922 30.411875 59.927781 30.405541
767 183 169 59.928922 30.411875 59.912331 30.439338
768 184 77 59.876176 30.336266 59.875824 30.319950
769 184 78 59.876176 30.336266 59.878111 30.349089
770 184 108 59.876176 30.336266 59.887302 30.344438
771 184 146 59.876176 30.336266 59.864377 30.337038
772 185 9 60.050646 30.311145 60.058646 30.306377
773 185 8 60.050646 30.311145 60.052852 30.334873
774 185 10 60.050646 30.311145 60.030239 30.320028
775 185 186 60.050646 30.311145 60.032108 30.301059
776 186 185 60.032108 30.301059 60.050646 30.311145
777 186 187 60.032108 30.301059 60.017219 30.278604
778 186 10 60.032108 30.301059 60.030239 30.320028
779 186 217 60.032108 30.301059 60.052890 30.227108
780 187 186 60.017219 30.278604 60.032108 30.301059
781 187 188 60.017219 30.278604 60.015243 30.293539
782 187 189 60.017219 30.278604 60.006175 30.272853
783 187 10 60.017219 30.278604 60.030239 30.320028
784 187 217 60.017219 30.278604 60.052890 30.227108
785 188 12 60.015243 30.293539 60.000622 30.299008
786 188 187 60.015243 30.293539 60.017219 30.278604
787 189 190 60.006175 30.272853 60.008066 30.259078
788 189 104 60.006175 30.272853 59.999505 30.269397
789 189 12 60.006175 30.272853 60.000622 30.299008
790 189 187 60.006175 30.272853 60.017219 30.278604
791 190 191 60.008066 30.259078 60.025288 30.239147
792 190 189 60.008066 30.259078 60.006175 30.272853
793 190 103 60.008066 30.259078 60.001095 30.255320
794 191 192 60.025288 30.239147 60.020868 30.224307
795 191 190 60.025288 30.239147 60.008066 30.259078
796 192 11 60.020868 30.224307 60.004061 30.232747
797 192 191 60.020868 30.224307 60.025288 30.239147
798 193 22 59.978358 30.300403 59.986162 30.302220
799 193 194 59.978358 30.300403 59.974379 30.283108
800 193 23 59.978358 30.300403 59.979367 30.323034
801 193 246 59.978358 30.300403 59.971169 30.306652
802 193 195 59.978358 30.300403 59.966557 30.281318
803 194 220 59.974379 30.283108 59.883972 30.367029
804 194 195 59.974379 30.283108 59.966557 30.281318
805 194 193 59.974379 30.283108 59.978358 30.300403
806 195 245 59.966557 30.281318 59.966285 30.299313
807 195 244 59.966557 30.281318 59.961508 30.291846
808 195 196 59.966557 30.281318 59.961371 30.272006
809 195 194 59.966557 30.281318 59.974379 30.283108
810 195 193 59.966557 30.281318 59.978358 30.300403
811 195 220 59.966557 30.281318 59.883972 30.367029
812 196 37 59.961371 30.272006 59.952480 30.290386
813 196 195 59.961371 30.272006 59.966557 30.281318
814 196 220 59.961371 30.272006 59.883972 30.367029
815 196 245 59.961371 30.272006 59.966285 30.299313
816 197 36 59.961501 30.291875 59.965584 30.311719
817 197 37 59.961501 30.291875 59.952480 30.290386
818 197 244 59.961501 30.291875 59.961508 30.291846
819 197 35 59.961501 30.291875 59.956352 30.320645
820 198 40 59.948297 30.231695 59.955352 30.235892
821 198 41 59.948297 30.231695 59.937538 30.233712
822 198 39 59.948297 30.231695 59.948786 30.268829
823 198 199 59.948297 30.231695 59.939352 30.265894
824 199 198 59.939352 30.265894 59.948297 30.231695
825 199 202 59.939352 30.265894 59.931771 30.240446
826 199 200 59.939352 30.265894 59.942474 30.276108
827 199 251 59.939352 30.265894 59.935519 30.270524
828 199 41 59.939352 30.265894 59.937538 30.233712
829 199 120 59.939352 30.265894 59.879020 29.863181
830 200 199 59.942474 30.276108 59.939352 30.265894
831 200 39 59.942474 30.276108 59.948786 30.268829
832 200 43 59.942474 30.276108 59.938464 30.280576
833 200 45 59.942474 30.276108 59.941468 30.290561
834 200 38 59.942474 30.276108 59.947808 30.283863
835 200 41 59.942474 30.276108 59.937538 30.233712
836 200 216 59.942474 30.276108 60.038873 29.976939
837 201 44 59.932503 30.274048 59.936138 30.288215
838 201 251 59.932503 30.274048 59.935519 30.270524
839 201 43 59.932503 30.274048 59.938464 30.280576
840 202 42 59.931771 30.240446 59.926661 30.238905
841 202 41 59.931771 30.240446 59.937538 30.233712
842 202 199 59.931771 30.240446 59.939352 30.265894
843 203 13 60.010692 30.347244 60.003502 30.329221
844 203 204 60.010692 30.347244 60.018749 30.367200
845 203 10 60.010692 30.347244 60.030239 30.320028
846 203 212 60.010692 30.347244 59.998220 30.364904
847 204 203 60.018749 30.367200 60.010692 30.347244
848 204 205 60.018749 30.367200 60.032172 30.364814
849 204 206 60.018749 30.367200 60.027254 30.387473
850 204 211 60.018749 30.367200 60.013142 30.397677
851 204 212 60.018749 30.367200 59.998220 30.364904
852 205 10 60.032172 30.364814 60.030239 30.320028
853 205 208 60.032172 30.364814 60.044738 30.374479
854 205 206 60.032172 30.364814 60.027254 30.387473
855 205 204 60.032172 30.364814 60.018749 30.367200
856 206 204 60.027254 30.387473 60.018749 30.367200
857 206 205 60.027254 30.387473 60.032172 30.364814
858 206 207 60.027254 30.387473 60.039626 30.398713
859 206 209 60.027254 30.387473 60.022033 30.406505
860 207 206 60.039626 30.398713 60.027254 30.387473
861 207 208 60.039626 30.398713 60.044738 30.374479
862 207 7 60.039626 30.398713 60.035405 30.420641
863 208 218 60.044738 30.374479 60.058895 30.390278
864 208 8 60.044738 30.374479 60.052852 30.334873
865 208 217 60.044738 30.374479 60.052890 30.227108
866 208 205 60.044738 30.374479 60.032172 30.364814
867 208 207 60.044738 30.374479 60.039626 30.398713
868 209 7 60.022033 30.406505 60.035405 30.420641
869 209 206 60.022033 30.406505 60.027254 30.387473
870 209 210 60.022033 30.406505 60.015396 30.431997
871 209 211 60.022033 30.406505 60.013142 30.397677
872 210 6 60.015396 30.431997 60.033087 30.432142
873 210 16 60.015396 30.431997 59.997190 30.438121
874 210 209 60.015396 30.431997 60.022033 30.406505
875 211 16 60.013142 30.397677 59.997190 30.438121
876 211 14 60.013142 30.397677 59.996039 30.380606
877 211 204 60.013142 30.397677 60.018749 30.367200
878 211 209 60.013142 30.397677 60.022033 30.406505
879 212 13 59.998220 30.364904 60.003502 30.329221
880 212 14 59.998220 30.364904 59.996039 30.380606
881 212 25 59.998220 30.364904 59.985087 30.342260
882 212 204 59.998220 30.364904 60.018749 30.367200
883 212 203 59.998220 30.364904 60.010692 30.347244
884 213 55 59.915938 30.525602 59.946035 30.540871
885 213 80 59.915938 30.525602 59.892056 30.523966
886 213 167 59.915938 30.525602 59.906687 30.482739
887 214 215 59.896381 30.409543 59.888230 30.421517
888 214 221 59.896381 30.409543 59.906473 30.378821
889 214 219 59.896381 30.409543 59.902785 30.423620
890 214 60 59.896381 30.409543 59.919229 30.395327
891 215 214 59.888230 30.421517 59.896381 30.409543
892 215 149 59.888230 30.421517 59.877842 30.397463
893 215 83 59.888230 30.421517 59.876332 30.447190
894 215 219 59.888230 30.421517 59.902785 30.423620
895 216 200 60.038873 29.976939 59.942474 30.276108
896 216 53 60.038873 29.976939 59.943277 30.435333
897 216 21 60.038873 29.976939 59.985468 30.228093
898 216 253 60.038873 29.976939 60.014302 29.719452
899 216 1 60.038873 29.976939 60.060734 30.153801
900 217 2 60.052890 30.227108 60.075135 30.180304
901 217 9 60.052890 30.227108 60.058646 30.306377
902 217 186 60.052890 30.227108 60.032108 30.301059
903 217 187 60.052890 30.227108 60.017219 30.278604
904 217 208 60.052890 30.227108 60.044738 30.374479
905 218 4 60.058895 30.390278 60.091545 30.367958
906 218 5 60.058895 30.390278 60.040687 30.438579
907 218 208 60.058895 30.390278 60.044738 30.374479
908 218 254 60.058895 30.390278 60.067820 30.334990
909 218 255 60.058895 30.390278 60.051078 30.438519
910 219 60 59.902785 30.423620 59.919229 30.395327
911 219 83 59.902785 30.423620 59.876332 30.447190
912 219 214 59.902785 30.423620 59.896381 30.409543
913 219 215 59.902785 30.423620 59.888230 30.421517
914 220 194 59.883972 30.367029 59.974379 30.283108
915 220 195 59.883972 30.367029 59.966557 30.281318
916 220 196 59.883972 30.367029 59.961371 30.272006
917 220 78 59.883972 30.367029 59.878111 30.349089
918 220 79 59.883972 30.367029 59.889379 30.380300
919 220 148 59.883972 30.367029 59.871239 30.379910
920 220 222 59.883972 30.367029 59.907502 30.345787
921 220 227 59.883972 30.367029 59.901759 30.364057
922 221 170 59.906473 30.378821 59.915379 30.374707
923 221 227 59.906473 30.378821 59.901759 30.364057
924 221 214 59.906473 30.378821 59.896381 30.409543
925 221 79 59.906473 30.378821 59.889379 30.380300
926 222 69 59.907502 30.345787 59.915587 30.350806
927 222 102 59.907502 30.345787 59.901637 30.339683
928 222 220 59.907502 30.345787 59.883972 30.367029
929 222 227 59.907502 30.345787 59.901759 30.364057
930 223 224 59.921172 30.354310 59.926147 30.342372
931 223 61 59.921172 30.354310 59.931163 30.360823
932 223 69 59.921172 30.354310 59.915587 30.350806
933 224 62 59.926147 30.342372 59.932649 30.347801
934 224 172 59.926147 30.342372 59.921926 30.331731
935 224 225 59.926147 30.342372 59.931570 30.329173
936 224 223 59.926147 30.342372 59.921172 30.354310
937 225 254 59.931570 30.329173 60.067820 30.334990
938 225 63 59.931570 30.329173 59.934329 30.335013
939 225 224 59.931570 30.329173 59.926147 30.342372
940 226 67 59.916559 30.297316 59.916815 30.279609
941 226 68 59.916559 30.297316 59.916880 30.318104
942 226 66 59.916559 30.297316 59.923559 30.299178
943 226 71 59.916559 30.297316 59.908562 30.300466
944 226 65 59.916559 30.297316 59.922525 30.307933
945 227 221 59.901759 30.364057 59.906473 30.378821
946 227 79 59.901759 30.364057 59.889379 30.380300
947 227 220 59.901759 30.364057 59.883972 30.367029
948 227 222 59.901759 30.364057 59.907502 30.345787
949 228 229 59.931346 30.389761 59.929451 30.369333
950 228 51 59.931346 30.389761 59.942782 30.397911
951 228 59 59.931346 30.389761 59.924205 30.387431
952 228 178 59.931346 30.389761 59.937832 30.374151
953 229 228 59.929451 30.369333 59.931346 30.389761
954 229 171 59.929451 30.369333 59.926346 30.368784
955 229 59 59.929451 30.369333 59.924205 30.387431
956 229 61 59.929451 30.369333 59.931163 30.360823
957 229 178 59.929451 30.369333 59.937832 30.374151
958 230 34 59.954865 30.374589 59.953596 30.349860
959 230 33 59.954865 30.374589 59.957448 30.403505
960 230 231 59.954865 30.374589 59.969833 30.385828
961 230 239 59.954865 30.374589 59.958104 30.352767
962 231 232 59.969833 30.385828 59.977576 30.392824
963 231 230 59.969833 30.385828 59.954865 30.374589
964 231 25 59.969833 30.385828 59.985087 30.342260
965 231 26 59.969833 30.385828 59.985467 30.364606
966 231 33 59.969833 30.385828 59.957448 30.403505
967 232 231 59.977576 30.392824 59.969833 30.385828
968 232 233 59.977576 30.392824 59.986848 30.401645
969 232 26 59.977576 30.392824 59.985467 30.364606
970 232 27 59.977576 30.392824 59.975036 30.415633
971 233 232 59.986848 30.401645 59.977576 30.392824
972 234 27 59.974383 30.436188 59.975036 30.415633
973 234 32 59.974383 30.436188 59.960612 30.438009
974 235 63 59.937388 30.336320 59.934329 30.335013
975 235 162 59.937388 30.336320 59.938285 30.327759
976 235 173 59.937388 30.336320 59.935952 30.348183
977 235 175 59.937388 30.336320 59.941335 30.335352
978 235 176 59.937388 30.336320 59.942807 30.348444
979 236 23 59.968316 30.336468 59.979367 30.323034
980 236 237 59.968316 30.336468 59.970252 30.348698
981 236 238 59.968316 30.336468 59.958083 30.339506
982 236 240 59.968316 30.336468 59.963441 30.327876
983 236 247 59.968316 30.336468 59.971018 30.314248
984 236 34 59.968316 30.336468 59.953596 30.349860
985 236 24 59.968316 30.336468 59.984399 30.335308
986 237 25 59.970252 30.348698 59.985087 30.342260
987 237 239 59.970252 30.348698 59.958104 30.352767
988 237 236 59.970252 30.348698 59.968316 30.336468
989 237 24 59.970252 30.348698 59.984399 30.335308
990 238 239 59.958083 30.339506 59.958104 30.352767
991 238 236 59.958083 30.339506 59.968316 30.336468
992 238 34 59.958083 30.339506 59.953596 30.349860
993 238 240 59.958083 30.339506 59.963441 30.327876
994 238 35 59.958083 30.339506 59.956352 30.320645
995 238 249 59.958083 30.339506 59.951469 30.325277
996 239 34 59.958104 30.352767 59.953596 30.349860
997 239 230 59.958104 30.352767 59.954865 30.374589
998 239 237 59.958104 30.352767 59.970252 30.348698
999 239 238 59.958104 30.352767 59.958083 30.339506
1000 240 236 59.963441 30.327876 59.968316 30.336468
1001 240 36 59.963441 30.327876 59.965584 30.311719
1002 240 238 59.963441 30.327876 59.958083 30.339506
1003 240 249 59.963441 30.327876 59.951469 30.325277
1004 240 35 59.963441 30.327876 59.956352 30.320645
1005 241 48 59.935404 30.326221 59.940025 30.309873
1006 241 63 59.935404 30.326221 59.934329 30.335013
1007 241 174 59.935404 30.326221 59.932764 30.315697
1008 241 254 59.935404 30.326221 60.067820 30.334990
1009 241 64 59.935404 30.326221 59.926554 30.317289
1010 241 162 59.935404 30.326221 59.938285 30.327759
1011 241 172 59.935404 30.326221 59.921926 30.331731
1012 242 69 59.912848 30.332982 59.915587 30.350806
1013 242 70 59.912848 30.332982 59.908971 30.318490
1014 242 102 59.912848 30.332982 59.901637 30.339683
1015 242 243 59.912848 30.332982 59.919420 30.325531
1016 243 68 59.919420 30.325531 59.916880 30.318104
1017 243 172 59.919420 30.325531 59.921926 30.331731
1018 243 242 59.919420 30.325531 59.912848 30.332982
1019 244 245 59.961508 30.291846 59.966285 30.299313
1020 244 197 59.961508 30.291846 59.961501 30.291875
1021 244 195 59.961508 30.291846 59.966557 30.281318
1022 245 246 59.966285 30.299313 59.971169 30.306652
1023 245 196 59.966285 30.299313 59.961371 30.272006
1024 245 36 59.966285 30.299313 59.965584 30.311719
1025 245 244 59.966285 30.299313 59.961508 30.291846
1026 245 63 59.966285 30.299313 59.934329 30.335013
1027 245 195 59.966285 30.299313 59.966557 30.281318
1028 246 193 59.971169 30.306652 59.978358 30.300403
1029 246 247 59.971169 30.306652 59.971018 30.314248
1030 246 36 59.971169 30.306652 59.965584 30.311719
1031 246 245 59.971169 30.306652 59.966285 30.299313
1032 247 23 59.971018 30.314248 59.979367 30.323034
1033 247 36 59.971018 30.314248 59.965584 30.311719
1034 247 236 59.971018 30.314248 59.968316 30.336468
1035 247 246 59.971018 30.314248 59.971169 30.306652
1036 248 21 59.984100 30.256616 59.985468 30.228093
1037 248 22 59.984100 30.256616 59.986162 30.302220
1038 248 103 59.984100 30.256616 60.001095 30.255320
1039 249 49 59.951469 30.325277 59.946334 30.329700
1040 249 35 59.951469 30.325277 59.956352 30.320645
1041 249 46 59.951469 30.325277 59.948164 30.302964
1042 249 238 59.951469 30.325277 59.958083 30.339506
1043 249 240 59.951469 30.325277 59.963441 30.327876
1044 250 29 59.945456 30.505460 59.961891 30.488716
1045 250 54 59.945456 30.505460 59.944935 30.478034
1046 250 55 59.945456 30.505460 59.946035 30.540871
1047 251 42 59.935519 30.270524 59.926661 30.238905
1048 251 43 59.935519 30.270524 59.938464 30.280576
1049 251 199 59.935519 30.270524 59.939352 30.265894
1050 251 201 59.935519 30.270524 59.932503 30.274048
1051 252 110 59.926476 29.667363 59.868950 29.766819
1052 252 115 59.926476 29.667363 59.909707 29.775451
1053 252 118 59.926476 29.667363 59.902344 29.817362
1054 252 253 59.926476 29.667363 60.014302 29.719452
1055 253 216 60.014302 29.719452 60.038873 29.976939
1056 253 252 60.014302 29.719452 59.926476 29.667363
1057 254 4 60.067820 30.334990 60.091545 30.367958
1058 254 8 60.067820 30.334990 60.052852 30.334873
1059 254 218 60.067820 30.334990 60.058895 30.390278
1060 254 4 60.067820 30.334990 60.091545 30.367958
1061 254 174 60.067820 30.334990 59.932764 30.315697
1062 254 218 60.067820 30.334990 60.058895 30.390278
1063 254 225 60.067820 30.334990 59.931570 30.329173
1064 254 241 60.067820 30.334990 59.935404 30.326221
1065 255 5 60.051078 30.438519 60.040687 30.438579
1066 255 218 60.051078 30.438519 60.058895 30.390278
